CREATE TABLE route_data (
  id SERIAL PRIMARY KEY,
  souradnice_n DECIMAL(9, 6),
  souradnice_s DECIMAL(9, 6),
  time TIMESTAMP,
  transmitter_id INTEGER
);

Insert into route_data(souradnice_n , souradnice_s, time,transmitter_id )
VALUES
(49.800976,18.348292,'2023-06-27T07:25:44Z',1),
(49.800836,18.348477,'2023-06-27T07:26:09Z',1),
(49.800737,18.348631,'2023-06-27T07:26:21Z',1),
(49.800665,18.348547,'2023-06-27T07:26:29Z',1),
(49.800577,18.348512,'2023-06-27T07:26:36Z',1),
(49.800498,18.348419,'2023-06-27T07:26:43Z',1),
(49.800421,18.348343,'2023-06-27T07:26:52Z',1),
(49.800332,18.348307,'2023-06-27T07:26:58Z',1),
(49.800256,18.348223,'2023-06-27T07:27:08Z',1),
(49.800183,18.348136,'2023-06-27T07:27:16Z',1),
(49.800097,18.348075,'2023-06-27T07:27:23Z',1),
(49.800007,18.348029,'2023-06-27T07:27:50Z',1),
(49.799924,18.347967,'2023-06-27T07:27:58Z',1),
(49.799840,18.347898,'2023-06-27T07:28:06Z',1),
(49.799775,18.347801,'2023-06-27T07:28:13Z',1),
(49.799717,18.347676,'2023-06-27T07:28:19Z',1),
(49.799625,18.347616,'2023-06-27T07:28:29Z',1),
(49.799556,18.347522,'2023-06-27T07:28:38Z',1),
(49.799464,18.347482,'2023-06-27T07:29:04Z',1),
(49.799374,18.347450,'2023-06-27T07:29:11Z',1),
(49.799297,18.347376,'2023-06-27T07:29:17Z',1),
(49.799210,18.347313,'2023-06-27T07:29:33Z',1),
(49.799138,18.347220,'2023-06-27T07:29:41Z',1),
(49.799072,18.347124,'2023-06-27T07:29:49Z',1),
(49.798991,18.347059,'2023-06-27T07:29:58Z',1),
(49.798902,18.347012,'2023-06-27T07:30:20Z',1),
(49.798823,18.346917,'2023-06-27T07:30:38Z',1),
(49.798740,18.346822,'2023-06-27T07:30:44Z',1),
(49.798655,18.346764,'2023-06-27T07:30:59Z',1),
(49.798589,18.346669,'2023-06-27T07:31:05Z',1),
(49.798503,18.346609,'2023-06-27T07:31:12Z',1),
(49.798425,18.346527,'2023-06-27T07:31:20Z',1),
(49.798334,18.346483,'2023-06-27T07:31:30Z',1),
(49.798274,18.346378,'2023-06-27T07:31:37Z',1),
(49.798204,18.346287,'2023-06-27T07:32:00Z',1),
(49.798117,18.346229,'2023-06-27T07:32:07Z',1),
(49.798029,18.346181,'2023-06-27T07:32:15Z',1),
(49.797944,18.346110,'2023-06-27T07:33:18Z',1),
(49.797869,18.346035,'2023-06-27T07:33:26Z',1),
(49.797795,18.345956,'2023-06-27T07:33:38Z',1),
(49.797719,18.345879,'2023-06-27T07:33:47Z',1),
(49.797648,18.345784,'2023-06-27T07:34:34Z',1),
(49.797576,18.345689,'2023-06-27T07:34:40Z',1),
(49.797495,18.345630,'2023-06-27T07:34:46Z',1),
(49.797410,18.345567,'2023-06-27T07:34:54Z',1),
(49.797318,18.345545,'2023-06-27T07:35:01Z',1),
(49.797127,18.345524,'2023-06-27T07:36:37Z',1),
(49.797037,18.345544,'2023-06-27T07:36:47Z',1),
(49.796949,18.345592,'2023-06-27T07:37:02Z',1),
(49.796859,18.345616,'2023-06-27T07:37:36Z',1),
(49.796757,18.345639,'2023-06-27T07:37:43Z',1),
(49.796663,18.345630,'2023-06-27T07:37:58Z',1),
(49.796574,18.345616,'2023-06-27T07:39:06Z',1),
(49.796489,18.345687,'2023-06-27T07:39:12Z',1),
(49.796394,18.345681,'2023-06-27T07:39:18Z',1),
(49.796301,18.345722,'2023-06-27T07:39:24Z',1),
(49.796207,18.345748,'2023-06-27T07:39:47Z',1),
(49.796117,18.345758,'2023-06-27T07:39:52Z',1),
(49.796027,18.345776,'2023-06-27T07:39:58Z',1),
(49.795882,18.345799,'2023-06-27T07:40:38Z',1),
(49.795792,18.345812,'2023-06-27T07:40:46Z',1),
(49.795709,18.345867,'2023-06-27T07:40:52Z',1),
(49.795617,18.345899,'2023-06-27T07:41:15Z',1),
(49.795440,18.345973,'2023-06-27T07:42:37Z',1),
(49.795262,18.346051,'2023-06-27T07:42:53Z',1),
(49.795078,18.346032,'2023-06-27T07:43:13Z',1),
(49.794902,18.346100,'2023-06-27T07:43:29Z',1),
(49.794726,18.346159,'2023-06-27T07:43:46Z',1),
(49.794545,18.346209,'2023-06-27T07:44:29Z',1),
(49.794365,18.346272,'2023-06-27T07:44:51Z',1),
(49.794180,18.346300,'2023-06-27T07:45:10Z',1),
(49.793999,18.346347,'2023-06-27T07:45:27Z',1),
(49.793828,18.346442,'2023-06-27T07:46:04Z',1),
(49.793651,18.346504,'2023-06-27T07:47:12Z',1),
(49.793470,18.346518,'2023-06-27T07:47:27Z',1),
(49.793291,18.346603,'2023-06-27T07:52:13Z',1),
(49.793202,18.346632,'2023-06-27T07:52:22Z',1),
(49.793113,18.346656,'2023-06-27T07:52:30Z',1),
(49.793020,18.346673,'2023-06-27T07:52:39Z',1),
(49.792927,18.346662,'2023-06-27T07:52:48Z',1),
(49.792834,18.346664,'2023-06-27T07:52:57Z',1),
(49.792752,18.346724,'2023-06-27T07:53:06Z',1),
(49.792667,18.346780,'2023-06-27T07:53:15Z',1),
(49.792574,18.346792,'2023-06-27T07:53:22Z',1),
(49.792477,18.346818,'2023-06-27T07:53:29Z',1),
(49.792385,18.346843,'2023-06-27T07:53:36Z',1),
(49.792291,18.346850,'2023-06-27T07:53:43Z',1),
(49.792199,18.346855,'2023-06-27T07:53:49Z',1),
(49.792106,18.346869,'2023-06-27T07:53:56Z',1),
(49.792014,18.346901,'2023-06-27T07:54:03Z',1),
(49.791921,18.346931,'2023-06-27T07:54:11Z',1),
(49.791828,18.346956,'2023-06-27T07:54:18Z',1),
(49.791736,18.346979,'2023-06-27T07:54:26Z',1),
(49.791644,18.346988,'2023-06-27T07:54:35Z',1),
(49.791555,18.347030,'2023-06-27T07:54:43Z',1),
(49.791463,18.347061,'2023-06-27T07:54:52Z',1),
(49.791369,18.347063,'2023-06-27T07:55:00Z',1),
(49.791278,18.347101,'2023-06-27T07:55:08Z',1),
(49.791190,18.347153,'2023-06-27T07:55:16Z',1),
(49.791100,18.347173,'2023-06-27T07:55:25Z',1),
(49.791005,18.347215,'2023-06-27T07:55:33Z',1),
(49.790915,18.347247,'2023-06-27T07:55:41Z',1),
(49.790816,18.347271,'2023-06-27T07:55:48Z',1),
(49.790721,18.347279,'2023-06-27T07:55:57Z',1),
(49.790628,18.347290,'2023-06-27T07:56:05Z',1),
(49.790531,18.347301,'2023-06-27T07:56:13Z',1),
(49.790441,18.347361,'2023-06-27T07:56:21Z',1),
(49.790341,18.347380,'2023-06-27T07:56:28Z',1),
(49.790244,18.347381,'2023-06-27T07:56:37Z',1),
(49.790155,18.347404,'2023-06-27T07:56:44Z',1),
(49.790066,18.347434,'2023-06-27T07:56:51Z',1),
(49.789993,18.347525,'2023-06-27T07:56:59Z',1),
(49.789935,18.347639,'2023-06-27T07:57:06Z',1),
(49.789886,18.347757,'2023-06-27T07:57:13Z',1),
(49.789847,18.347889,'2023-06-27T07:57:20Z',1),
(49.789799,18.348010,'2023-06-27T07:57:27Z',1),
(49.789753,18.348139,'2023-06-27T07:57:34Z',1),
(49.789719,18.348270,'2023-06-27T07:57:41Z',1),
(49.789669,18.348388,'2023-06-27T07:57:48Z',1),
(49.789625,18.348516,'2023-06-27T07:57:56Z',1),
(49.789586,18.348646,'2023-06-27T07:58:04Z',1),
(49.789542,18.348771,'2023-06-27T07:58:12Z',1),
(49.789501,18.348907,'2023-06-27T07:58:20Z',1),
(49.789462,18.349033,'2023-06-27T07:58:28Z',1),
(49.789423,18.349161,'2023-06-27T07:58:41Z',1),
(49.789406,18.349300,'2023-06-27T07:58:48Z',1),
(49.789359,18.349420,'2023-06-27T07:58:55Z',1),
(49.789301,18.349536,'2023-06-27T07:59:03Z',1),
(49.789242,18.349660,'2023-06-27T07:59:10Z',1),
(49.789204,18.349788,'2023-06-27T07:59:20Z',1),
(49.789163,18.349913,'2023-06-27T07:59:29Z',1),
(49.789119,18.350034,'2023-06-27T07:59:36Z',1),
(49.789078,18.350163,'2023-06-27T07:59:44Z',1),
(49.789052,18.350303,'2023-06-27T07:59:52Z',1),
(49.789035,18.350447,'2023-06-27T08:00:00Z',1),
(49.788990,18.350568,'2023-06-27T08:00:07Z',1),
(49.788941,18.350688,'2023-06-27T08:00:18Z',1),
(49.788888,18.350806,'2023-06-27T08:00:26Z',1),
(49.788854,18.350936,'2023-06-27T08:00:34Z',1),
(49.788813,18.351061,'2023-06-27T08:00:43Z',1),
(49.788746,18.351185,'2023-06-27T08:00:51Z',1),
(49.788731,18.351324,'2023-06-27T08:01:00Z',1),
(49.788687,18.351450,'2023-06-27T08:01:08Z',1),
(49.788625,18.351560,'2023-06-27T08:01:17Z',1),
(49.788599,18.351700,'2023-06-27T08:01:27Z',1),
(49.788527,18.351797,'2023-06-27T08:01:34Z',1),
(49.788499,18.351936,'2023-06-27T08:01:41Z',1),
(49.788453,18.352059,'2023-06-27T08:01:54Z',1),
(49.788413,18.352193,'2023-06-27T08:02:02Z',1),
(49.788370,18.352320,'2023-06-27T08:02:10Z',1),
(49.788331,18.352453,'2023-06-27T08:02:19Z',1),
(49.788290,18.352594,'2023-06-27T08:02:27Z',1),
(49.788251,18.352728,'2023-06-27T08:02:36Z',1),
(49.788203,18.352848,'2023-06-27T08:02:44Z',1),
(49.788164,18.352995,'2023-06-27T08:02:52Z',1),
(49.788160,18.353144,'2023-06-27T08:03:02Z',1),
(49.788170,18.353295,'2023-06-27T08:03:12Z',1),
(49.788120,18.353413,'2023-06-27T08:03:20Z',1),
(49.788070,18.353530,'2023-06-27T08:03:26Z',1),
(49.788011,18.353636,'2023-06-27T08:03:32Z',1),
(49.787961,18.353754,'2023-06-27T08:03:39Z',1),
(49.787901,18.353878,'2023-06-27T08:03:52Z',1),
(49.787863,18.354012,'2023-06-27T08:04:00Z',1),
(49.787829,18.354148,'2023-06-27T08:04:07Z',1),
(49.787785,18.354274,'2023-06-27T08:04:15Z',1),
(49.787741,18.354398,'2023-06-27T08:04:23Z',1),
(49.787687,18.354520,'2023-06-27T08:04:31Z',1),
(49.787651,18.354650,'2023-06-27T08:04:38Z',1),
(49.787606,18.354780,'2023-06-27T08:04:47Z',1),
(49.787565,18.354907,'2023-06-27T08:04:55Z',1),
(49.787519,18.355032,'2023-06-27T08:05:03Z',1),
(49.787480,18.355166,'2023-06-27T08:05:13Z',1),
(49.787435,18.355288,'2023-06-27T08:05:21Z',1),
(49.787398,18.355421,'2023-06-27T08:05:29Z',1),
(49.787353,18.355549,'2023-06-27T08:05:37Z',1),
(49.787297,18.355667,'2023-06-27T08:05:45Z',1),
(49.787258,18.355793,'2023-06-27T08:05:53Z',1),
(49.787226,18.355927,'2023-06-27T08:06:01Z',1),
(49.787171,18.356042,'2023-06-27T08:06:19Z',1),
(49.787113,18.356172,'2023-06-27T08:06:29Z',1),
(49.787065,18.356296,'2023-06-27T08:06:38Z',1),
(49.787062,18.356436,'2023-06-27T08:06:46Z',1),
(49.787049,18.356577,'2023-06-27T08:07:00Z',1),
(49.787010,18.356715,'2023-06-27T08:07:08Z',1),
(49.786984,18.356855,'2023-06-27T08:07:17Z',1),
(49.786961,18.356998,'2023-06-27T08:07:26Z',1),
(49.786975,18.357277,'2023-06-27T08:08:43Z',1),
(49.786869,18.357503,'2023-06-27T08:08:57Z',1),
(49.786834,18.357702,'2023-06-27T08:09:12Z',1),
(49.786805,18.357847,'2023-06-27T08:09:21Z',1),
(49.786731,18.358103,'2023-06-27T08:09:38Z',1),
(49.786714,18.358245,'2023-06-27T08:09:46Z',1),
(49.786680,18.358381,'2023-06-27T08:09:55Z',1),
(49.786653,18.358518,'2023-06-27T08:10:04Z',1),
(49.786616,18.358645,'2023-06-27T08:10:12Z',1),
(49.786602,18.358794,'2023-06-27T08:10:27Z',1),
(49.786576,18.358929,'2023-06-27T08:10:33Z',1),
(49.786531,18.359062,'2023-06-27T08:10:40Z',1),
(49.786481,18.359337,'2023-06-27T08:10:55Z',1),
(49.786425,18.359608,'2023-06-27T08:11:10Z',1),
(49.786399,18.359742,'2023-06-27T08:11:18Z',1),
(49.786366,18.359872,'2023-06-27T08:11:25Z',1),
(49.786339,18.360008,'2023-06-27T08:11:33Z',1),
(49.786341,18.360151,'2023-06-27T08:11:43Z',1),
(49.786356,18.360296,'2023-06-27T08:12:06Z',1),
(49.786417,18.360403,'2023-06-27T08:12:12Z',1),
(49.786397,18.360692,'2023-06-27T08:12:37Z',2),
(49.786279,18.360831,'2023-06-27T08:12:44Z',2),
(49.786216,18.360933,'2023-06-27T08:12:51Z',2),
(49.786138,18.361010,'2023-06-27T08:12:58Z',2),
(49.786055,18.361069,'2023-06-27T08:13:05Z',2),
(49.785969,18.361121,'2023-06-27T08:13:12Z',2),
(49.785886,18.361191,'2023-06-27T08:13:20Z',2),
(49.785815,18.361279,'2023-06-27T08:13:27Z',2),
(49.785760,18.361396,'2023-06-27T08:13:34Z',2),
(49.785733,18.361535,'2023-06-27T08:13:42Z',2),
(49.785699,18.361667,'2023-06-27T08:13:50Z',2),
(49.785661,18.361797,'2023-06-27T08:13:57Z',2),
(49.785638,18.361938,'2023-06-27T08:14:06Z',2),
(49.785601,18.362070,'2023-06-27T08:14:13Z',2),
(49.785557,18.362207,'2023-06-27T08:14:22Z',2),
(49.785530,18.362347,'2023-06-27T08:14:31Z',2),
(49.785490,18.362471,'2023-06-27T08:14:58Z',2),
(49.785481,18.362612,'2023-06-27T08:15:14Z',2),
(49.785459,18.362756,'2023-06-27T08:15:23Z',2),
(49.785422,18.362892,'2023-06-27T08:15:31Z',2),
(49.785397,18.363035,'2023-06-27T08:15:40Z',2),
(49.785355,18.363162,'2023-06-27T08:15:48Z',2),
(49.785311,18.363288,'2023-06-27T08:15:57Z',2),
(49.785281,18.363430,'2023-06-27T08:16:19Z',2),
(49.785253,18.363571,'2023-06-27T08:16:26Z',2),
(49.785222,18.363704,'2023-06-27T08:16:32Z',2),
(49.785185,18.363837,'2023-06-27T08:16:42Z',2),
(49.785138,18.363957,'2023-06-27T08:17:00Z',2),
(49.785062,18.364179,'2023-06-27T08:17:25Z',2),
(49.784965,18.364417,'2023-06-27T08:18:45Z',2),
(49.784783,18.364400,'2023-06-27T08:20:01Z',2),
(49.784710,18.364482,'2023-06-27T08:20:11Z',2),
(49.784651,18.364596,'2023-06-27T08:20:22Z',2),
(49.784597,18.364708,'2023-06-27T08:20:36Z',2),
(49.784557,18.364838,'2023-06-27T08:20:55Z',2),
(49.784453,18.365073,'2023-06-27T08:24:09Z',2),
(49.784357,18.365262,'2023-06-27T08:24:22Z',2),
(49.784263,18.365272,'2023-06-27T08:24:32Z',2),
(49.784174,18.365226,'2023-06-27T08:25:08Z',2),
(49.784084,18.365198,'2023-06-27T08:25:26Z',2),
(49.784001,18.365255,'2023-06-27T08:25:37Z',2),
(49.783986,18.365399,'2023-06-27T08:25:45Z',2),
(49.783992,18.365541,'2023-06-27T08:26:13Z',2),
(49.783960,18.365671,'2023-06-27T08:26:22Z',2),
(49.783944,18.365953,'2023-06-27T08:27:55Z',2),
(49.783975,18.366233,'2023-06-27T08:29:26Z',2),
(49.783989,18.366515,'2023-06-27T08:29:47Z',2),
(49.783971,18.366690,'2023-06-27T08:30:20Z',2),
(49.783963,18.366969,'2023-06-27T08:32:34Z',2),
(49.783989,18.367247,'2023-06-27T08:33:28Z',2),
(49.783971,18.367525,'2023-06-27T08:34:01Z',2),
(49.784004,18.367817,'2023-06-27T08:35:25Z',2),
(49.784013,18.368101,'2023-06-27T08:35:42Z',2),
(49.784022,18.368242,'2023-06-27T08:35:54Z',2),
(49.784039,18.368410,'2023-06-27T08:36:17Z',2),
(49.784036,18.368551,'2023-06-27T08:36:33Z',2),
(49.784000,18.368682,'2023-06-27T08:36:56Z',2),
(49.783977,18.368834,'2023-06-27T08:37:05Z',2),
(49.783932,18.368961,'2023-06-27T08:37:15Z',2),
(49.783880,18.369079,'2023-06-27T08:37:27Z',2),
(49.783816,18.369185,'2023-06-27T08:37:45Z',2),
(49.783737,18.369255,'2023-06-27T08:37:55Z',2),
(49.783790,18.368980,'2023-06-27T08:39:43Z',2),
(49.783732,18.368711,'2023-06-27T08:40:51Z',2),
(49.783674,18.368524,'2023-06-27T08:41:14Z',2),
(49.783694,18.368801,'2023-06-27T08:50:47Z',2),
(49.783767,18.369072,'2023-06-27T08:58:54Z',2),
(49.783763,18.369353,'2023-06-27T09:00:02Z',2),
(49.783918,18.369493,'2023-06-27T09:01:31Z',2),
(49.783970,18.369615,'2023-06-27T09:01:43Z',2),
(49.784062,18.369857,'2023-06-27T09:02:12Z',2),
(49.784130,18.369953,'2023-06-27T09:02:22Z',2),
(49.784304,18.370036,'2023-06-27T09:02:43Z',2),
(49.784390,18.370093,'2023-06-27T09:02:52Z',2),
(49.784478,18.370132,'2023-06-27T09:03:01Z',2),
(49.784650,18.370212,'2023-06-27T09:03:27Z',2),
(49.784827,18.370262,'2023-06-27T09:05:16Z',2),
(49.784990,18.370323,'2023-06-27T09:05:32Z',2),
(49.785170,18.370382,'2023-06-27T09:05:58Z',2),
(49.785253,18.370440,'2023-06-27T09:06:06Z',2),
(49.785334,18.370506,'2023-06-27T09:06:14Z',2),
(49.785413,18.370576,'2023-06-27T09:06:21Z',2),
(49.785505,18.370614,'2023-06-27T09:06:28Z',2),
(49.785595,18.370636,'2023-06-27T09:06:35Z',2),
(49.785687,18.370664,'2023-06-27T09:06:42Z',2),
(49.785770,18.370722,'2023-06-27T09:06:49Z',2),
(49.785860,18.370749,'2023-06-27T09:06:57Z',2),
(49.785949,18.370788,'2023-06-27T09:07:05Z',2),
(49.786042,18.370809,'2023-06-27T09:07:14Z',2),
(49.786132,18.370853,'2023-06-27T09:07:22Z',2),
(49.786224,18.370875,'2023-06-27T09:07:31Z',2),
(49.786238,18.370735,'2023-06-27T09:07:38Z',2),
(49.786255,18.370589,'2023-06-27T09:07:45Z',2),
(49.786276,18.370450,'2023-06-27T09:07:52Z',2),
(49.786299,18.370315,'2023-06-27T09:08:01Z',2),
(49.786311,18.370176,'2023-06-27T09:08:08Z',2),
(49.786317,18.370030,'2023-06-27T09:08:17Z',2),
(49.786340,18.369876,'2023-06-27T09:08:27Z',2),
(49.786368,18.369740,'2023-06-27T09:08:35Z',2),
(49.786385,18.369595,'2023-06-27T09:08:43Z',2),
(49.786409,18.369450,'2023-06-27T09:08:53Z',2),
(49.786467,18.369338,'2023-06-27T09:09:02Z',2),
(49.786538,18.369244,'2023-06-27T09:09:09Z',2),
(49.786633,18.369224,'2023-06-27T09:09:17Z',2),
(49.786725,18.369180,'2023-06-27T09:09:25Z',2),
(49.786816,18.369138,'2023-06-27T09:09:33Z',2),
(49.786908,18.369110,'2023-06-27T09:09:41Z',2),
(49.787000,18.369091,'2023-06-27T09:09:50Z',2),
(49.787095,18.369082,'2023-06-27T09:09:59Z',2),
(49.787173,18.369008,'2023-06-27T09:10:07Z',2),
(49.787262,18.368950,'2023-06-27T09:10:17Z',2),
(49.787349,18.368915,'2023-06-27T09:10:24Z',2),
(49.787419,18.368823,'2023-06-27T09:10:32Z',2),
(49.787441,18.368683,'2023-06-27T09:10:41Z',2),
(49.787451,18.368545,'2023-06-27T09:10:50Z',2),
(49.787447,18.368402,'2023-06-27T09:11:02Z',2),
(49.787428,18.368260,'2023-06-27T09:11:12Z',2),
(49.787395,18.368121,'2023-06-27T09:11:21Z',2),
(49.787376,18.367975,'2023-06-27T09:11:28Z',2),
(49.787360,18.367833,'2023-06-27T09:11:36Z',2),
(49.787351,18.367694,'2023-06-27T09:11:43Z',2),
(49.787364,18.367549,'2023-06-27T09:11:51Z',2),
(49.787370,18.367408,'2023-06-27T09:11:59Z',2),
(49.787368,18.367255,'2023-06-27T09:12:08Z',2),
(49.787334,18.367113,'2023-06-27T09:12:18Z',2),
(49.787307,18.366972,'2023-06-27T09:12:26Z',2),
(49.787310,18.366827,'2023-06-27T09:12:33Z',2),
(49.787307,18.366682,'2023-06-27T09:12:42Z',2),
(49.787309,18.366538,'2023-06-27T09:12:50Z',2),
(49.787349,18.366394,'2023-06-27T09:12:58Z',2),
(49.787396,18.366268,'2023-06-27T09:13:07Z',2),
(49.787451,18.366133,'2023-06-27T09:13:18Z',2),
(49.787506,18.366019,'2023-06-27T09:13:26Z',2),
(49.787555,18.365894,'2023-06-27T09:13:32Z',2),
(49.787619,18.365789,'2023-06-27T09:13:40Z',2),
(49.787682,18.365683,'2023-06-27T09:13:48Z',2),
(49.787738,18.365572,'2023-06-27T09:13:54Z',2),
(49.787795,18.365461,'2023-06-27T09:14:03Z',2),
(49.787858,18.365363,'2023-06-27T09:14:13Z',2),
(49.787919,18.365253,'2023-06-27T09:14:20Z',2),
(49.787899,18.364976,'2023-06-27T09:15:27Z',2),
(49.788054,18.364817,'2023-06-27T09:15:54Z',2),
(49.788159,18.364582,'2023-06-27T09:16:15Z',2),
(49.788204,18.364457,'2023-06-27T09:16:23Z',2),
(49.788278,18.364192,'2023-06-27T09:16:59Z',2),
(49.788367,18.363948,'2023-06-27T09:18:52Z',2),
(49.788464,18.363712,'2023-06-27T09:20:45Z',2),
(49.788539,18.363457,'2023-06-27T09:21:05Z',2),
(49.788475,18.363175,'2023-06-27T09:21:37Z',2),
(49.788391,18.362926,'2023-06-27T09:21:58Z',2),
(49.788302,18.362675,'2023-06-27T09:22:16Z',2),
(49.788184,18.362453,'2023-06-27T09:22:33Z',2),
(49.788027,18.362304,'2023-06-27T09:23:11Z',2),
(49.787879,18.362124,'2023-06-27T09:24:00Z',2),
(49.787767,18.361896,'2023-06-27T09:25:22Z',2),
(49.787785,18.361616,'2023-06-27T09:25:37Z',2),
(49.787822,18.361423,'2023-06-27T09:25:50Z',2),
(49.787837,18.361280,'2023-06-27T09:25:58Z',2),
(49.787854,18.361144,'2023-06-27T09:26:07Z',2),
(49.787774,18.360871,'2023-06-27T09:26:29Z',2),
(49.787732,18.360737,'2023-06-27T09:26:36Z',2),
(49.787559,18.360654,'2023-06-27T09:28:14Z',2),
(49.787473,18.360603,'2023-06-27T09:28:22Z',2),
(49.787383,18.360594,'2023-06-27T09:28:29Z',2),
(49.787292,18.360621,'2023-06-27T09:28:36Z',2),
(49.787198,18.360588,'2023-06-27T09:28:43Z',2),
(49.787107,18.360552,'2023-06-27T09:28:51Z',2),
(49.787022,18.360505,'2023-06-27T09:28:58Z',2),
(49.786929,18.360481,'2023-06-27T09:29:05Z',2),
(49.786839,18.360440,'2023-06-27T09:29:14Z',2),
(49.786751,18.360414,'2023-06-27T09:29:20Z',2),
(49.786677,18.360335,'2023-06-27T09:29:28Z',2),
(49.786581,18.360307,'2023-06-27T09:29:45Z',2),
(49.786487,18.360323,'2023-06-27T09:29:53Z',2),
(49.786408,18.360244,'2023-06-27T09:30:01Z',2),
(49.786364,18.360110,'2023-06-27T09:30:09Z',2),
(49.786360,18.359963,'2023-06-27T09:30:16Z',2),
(49.786395,18.359835,'2023-06-27T09:30:25Z',2),
(49.786449,18.359714,'2023-06-27T09:30:42Z',2),
(49.786464,18.359568,'2023-06-27T09:30:52Z',2),
(49.786495,18.359436,'2023-06-27T09:30:59Z',2),
(49.786521,18.359297,'2023-06-27T09:31:08Z',2),
(49.786554,18.359164,'2023-06-27T09:31:15Z',2),
(49.786589,18.359031,'2023-06-27T09:31:22Z',2),
(49.786622,18.358896,'2023-06-27T09:31:32Z',2),
(49.786641,18.358744,'2023-06-27T09:31:40Z',2),
(49.786663,18.358598,'2023-06-27T09:31:50Z',2),
(49.786698,18.358468,'2023-06-27T09:31:59Z',2),
(49.786737,18.358335,'2023-06-27T09:32:07Z',2),
(49.786782,18.358200,'2023-06-27T09:32:16Z',2),
(49.786825,18.358068,'2023-06-27T09:32:25Z',2),
(49.786834,18.357921,'2023-06-27T09:32:33Z',2),
(49.786855,18.357784,'2023-06-27T09:32:41Z',2),
(49.786871,18.357646,'2023-06-27T09:32:51Z',2),
(49.786903,18.357503,'2023-06-27T09:33:01Z',2),
(49.786936,18.357368,'2023-06-27T09:33:11Z',2),
(49.786965,18.357232,'2023-06-27T09:33:19Z',2),
(49.787001,18.357093,'2023-06-27T09:33:29Z',2),
(49.787014,18.356947,'2023-06-27T09:33:38Z',2),
(49.787026,18.356804,'2023-06-27T09:33:47Z',2),
(49.787065,18.356670,'2023-06-27T09:33:56Z',2),
(49.787101,18.356540,'2023-06-27T09:34:05Z',2),
(49.787138,18.356405,'2023-06-27T09:34:15Z',2),
(49.787171,18.356267,'2023-06-27T09:34:24Z',2),
(49.787201,18.356128,'2023-06-27T09:34:33Z',2),
(49.787229,18.355983,'2023-06-27T09:34:42Z',2),
(49.787252,18.355842,'2023-06-27T09:34:57Z',2),
(49.787301,18.355715,'2023-06-27T09:35:06Z',2),
(49.787346,18.355586,'2023-06-27T09:35:15Z',2),
(49.787384,18.355452,'2023-06-27T09:35:25Z',2),
(49.787433,18.355331,'2023-06-27T09:35:34Z',2),
(49.787465,18.355200,'2023-06-27T09:35:42Z',2),
(49.787511,18.355078,'2023-06-27T09:35:51Z',2),
(49.787554,18.354946,'2023-06-27T09:36:00Z',2),
(49.787590,18.354819,'2023-06-27T09:36:09Z',2),
(49.787634,18.354690,'2023-06-27T09:36:18Z',2),
(49.787671,18.354548,'2023-06-27T09:36:27Z',2),
(49.787718,18.354429,'2023-06-27T09:36:36Z',2),
(49.787764,18.354305,'2023-06-27T09:36:47Z',2),
(49.787807,18.354179,'2023-06-27T09:36:58Z',2),
(49.787857,18.354059,'2023-06-27T09:37:08Z',2),
(49.787891,18.353930,'2023-06-27T09:37:16Z',2),
(49.787924,18.353793,'2023-06-27T09:37:30Z',2),
(49.787956,18.353656,'2023-06-27T09:37:38Z',2),
(49.788007,18.353540,'2023-06-27T09:38:11Z',2),
(49.788052,18.353413,'2023-06-27T09:38:18Z',2),
(49.788095,18.353287,'2023-06-27T09:38:26Z',2),
(49.788144,18.353168,'2023-06-27T09:38:36Z',2),
(49.788174,18.353033,'2023-06-27T09:39:07Z',2),
(49.788233,18.352845,'2023-06-27T09:39:30Z',2),
(49.788270,18.352711,'2023-06-27T09:39:38Z',2),
(49.788322,18.352590,'2023-06-27T09:39:47Z',2),
(49.788365,18.352464,'2023-06-27T09:39:58Z',2),
(49.788395,18.352331,'2023-06-27T09:40:08Z',2),
(49.788429,18.352198,'2023-06-27T09:40:17Z',2),
(49.788474,18.352071,'2023-06-27T09:40:37Z',2),
(49.788530,18.351952,'2023-06-27T09:40:45Z',2),
(49.788584,18.351832,'2023-06-27T09:40:55Z',2),
(49.788646,18.351700,'2023-06-27T09:41:12Z',2),
(49.788686,18.351561,'2023-06-27T09:41:27Z',2),
(49.788728,18.351435,'2023-06-27T09:41:37Z',2),
(49.788818,18.351170,'2023-06-27T09:42:15Z',2),
(49.788870,18.351041,'2023-06-27T09:42:25Z',2),
(49.788919,18.350922,'2023-06-27T09:42:38Z',2),
(49.788947,18.350788,'2023-06-27T09:42:50Z',2),
(49.788998,18.350668,'2023-06-27T09:42:59Z',2),
(49.789090,18.350639,'2023-06-27T09:43:21Z',2),
(49.789141,18.350766,'2023-06-27T09:43:39Z',2),
(49.789218,18.350848,'2023-06-27T09:43:47Z',2),
(49.789265,18.350975,'2023-06-27T09:43:54Z',2),
(49.789297,18.351115,'2023-06-27T09:44:04Z',2),
(49.789330,18.351249,'2023-06-27T09:44:12Z',2),
(49.789372,18.351379,'2023-06-27T09:44:21Z',2),
(49.789542,18.351497,'2023-06-27T09:46:04Z',2),
(49.789603,18.351642,'2023-06-27T09:46:14Z',2),
(49.789663,18.351755,'2023-06-27T09:46:21Z',2),
(49.789741,18.351826,'2023-06-27T09:46:29Z',2),
(49.789823,18.351901,'2023-06-27T09:46:37Z',2),
(49.789908,18.351950,'2023-06-27T09:46:45Z',2),
(49.789986,18.352019,'2023-06-27T09:46:53Z',2),
(49.790063,18.352095,'2023-06-27T09:47:01Z',2),
(49.790147,18.352152,'2023-06-27T09:47:09Z',2),
(49.790237,18.352215,'2023-06-27T09:47:17Z',2),
(49.790324,18.352270,'2023-06-27T09:47:25Z',2),
(49.790409,18.352337,'2023-06-27T09:47:34Z',2),
(49.790497,18.352394,'2023-06-27T09:47:42Z',2),
(49.790586,18.352440,'2023-06-27T09:47:50Z',2),
(49.790671,18.352493,'2023-06-27T09:47:59Z',2),
(49.790762,18.352563,'2023-06-27T09:48:07Z',2),
(49.790844,18.352625,'2023-06-27T09:48:16Z',2),
(49.790927,18.352691,'2023-06-27T09:48:25Z',2),
(49.791009,18.352754,'2023-06-27T09:48:34Z',2),
(49.791104,18.352819,'2023-06-27T09:48:43Z',2),
(49.791194,18.352866,'2023-06-27T09:48:52Z',2),
(49.791283,18.352923,'2023-06-27T09:49:01Z',2),
(49.791365,18.352994,'2023-06-27T09:49:09Z',2),
(49.791445,18.353065,'2023-06-27T09:49:17Z',2),
(49.791528,18.353133,'2023-06-27T09:49:25Z',2),
(49.791612,18.353200,'2023-06-27T09:49:33Z',2),
(49.791695,18.353257,'2023-06-27T09:49:42Z',2),
(49.791775,18.353321,'2023-06-27T09:49:50Z',2),
(49.791865,18.353383,'2023-06-27T09:49:58Z',2),
(49.791947,18.353454,'2023-06-27T09:50:07Z',2),
(49.792029,18.353515,'2023-06-27T09:50:16Z',2),
(49.792116,18.353576,'2023-06-27T09:50:25Z',2),
(49.792198,18.353641,'2023-06-27T09:50:33Z',2),
(49.792281,18.353699,'2023-06-27T09:50:48Z',2),
(49.792362,18.353758,'2023-06-27T09:50:55Z',2),
(49.792450,18.353820,'2023-06-27T09:51:03Z',2),
(49.792531,18.353883,'2023-06-27T09:51:11Z',2),
(49.792615,18.353945,'2023-06-27T09:51:19Z',2),
(49.792698,18.353996,'2023-06-27T09:51:28Z',2),
(49.792786,18.354038,'2023-06-27T09:51:35Z',2),
(49.792871,18.354091,'2023-06-27T09:51:45Z',2),
(49.792951,18.354174,'2023-06-27T09:51:53Z',2),
(49.793038,18.354232,'2023-06-27T09:52:03Z',2),
(49.793118,18.354305,'2023-06-27T09:52:11Z',2),
(49.793157,18.354433,'2023-06-27T09:52:18Z',2),
(49.793232,18.354516,'2023-06-27T09:52:25Z',2),
(49.793316,18.354572,'2023-06-27T09:52:37Z',2),
(49.793384,18.354673,'2023-06-27T09:52:45Z',2),
(49.793447,18.354776,'2023-06-27T09:52:53Z',2),
(49.793505,18.354887,'2023-06-27T09:53:01Z',2),
(49.793576,18.354981,'2023-06-27T09:53:10Z',2),
(49.793665,18.355027,'2023-06-27T09:53:20Z',2),
(49.793744,18.355095,'2023-06-27T09:53:28Z',2),
(49.793804,18.355207,'2023-06-27T09:53:35Z',2),
(49.793868,18.355317,'2023-06-27T09:53:44Z',2),
(49.793944,18.355398,'2023-06-27T09:53:52Z',2),
(49.794016,18.355488,'2023-06-27T09:53:59Z',2),
(49.794086,18.355590,'2023-06-27T09:54:08Z',2),
(49.794164,18.355664,'2023-06-27T09:54:15Z',2),
(49.794252,18.355712,'2023-06-27T09:54:25Z',2),
(49.794411,18.355858,'2023-06-27T09:55:24Z',2),
(49.794464,18.355987,'2023-06-27T09:55:32Z',2),
(49.794547,18.356054,'2023-06-27T09:55:38Z',2),
(49.794637,18.356123,'2023-06-27T09:55:45Z',2),
(49.794722,18.356188,'2023-06-27T09:55:54Z',2),
(49.794798,18.356270,'2023-06-27T09:56:03Z',2),
(49.794876,18.356341,'2023-06-27T09:56:12Z',2),
(49.794950,18.356423,'2023-06-27T09:56:20Z',2),
(49.795019,18.356515,'2023-06-27T09:56:28Z',2),
(49.795093,18.356600,'2023-06-27T09:56:36Z',2),
(49.795176,18.356670,'2023-06-27T09:56:44Z',2),
(49.795267,18.356713,'2023-06-27T09:56:54Z',2),
(49.795351,18.356778,'2023-06-27T09:57:00Z',2),
(49.795430,18.356849,'2023-06-27T09:57:09Z',2),
(49.795505,18.356934,'2023-06-27T09:57:17Z',2),
(49.795571,18.357029,'2023-06-27T09:57:25Z',2),
(49.795642,18.357118,'2023-06-27T09:57:34Z',2),
(49.795726,18.357195,'2023-06-27T09:57:44Z',2),
(49.795815,18.357256,'2023-06-27T09:57:51Z',2),
(49.795917,18.357265,'2023-06-27T09:58:01Z',2),
(49.796008,18.357316,'2023-06-27T09:58:09Z',2),
(49.796083,18.357399,'2023-06-27T09:58:17Z',2),
(49.796159,18.357504,'2023-06-27T09:58:26Z',2),
(49.796240,18.357572,'2023-06-27T09:58:34Z',2),
(49.796324,18.357631,'2023-06-27T09:58:41Z',2),
(49.796391,18.357729,'2023-06-27T09:58:50Z',2),
(49.796460,18.357823,'2023-06-27T09:58:57Z',2),
(49.796542,18.357763,'2023-06-27T09:59:07Z',2),
(49.796582,18.357631,'2023-06-27T09:59:14Z',2),
(49.796625,18.357507,'2023-06-27T09:59:21Z',2),
(49.796686,18.357401,'2023-06-27T09:59:28Z',2),
(49.796775,18.357422,'2023-06-27T09:59:35Z',2),
(49.796866,18.357403,'2023-06-27T09:59:43Z',2),
(49.796924,18.357269,'2023-06-27T09:59:52Z',2),
(49.796969,18.357132,'2023-06-27T10:00:02Z',2),
(49.797030,18.357025,'2023-06-27T10:00:11Z',2),
(49.797106,18.356937,'2023-06-27T10:00:19Z',2),
(49.797162,18.356823,'2023-06-27T10:00:30Z',2),
(49.797223,18.356715,'2023-06-27T10:00:38Z',2),
(49.797298,18.356621,'2023-06-27T10:00:47Z',2),
(49.797370,18.356529,'2023-06-27T10:00:58Z',2),
(49.797435,18.356432,'2023-06-27T10:01:09Z',2),
(49.797522,18.356345,'2023-06-27T10:01:17Z',2),
(49.797589,18.356243,'2023-06-27T10:01:29Z',2),
(49.797665,18.356165,'2023-06-27T10:01:38Z',2),
(49.797861,18.355680,'2023-06-27T10:16:57Z',2),
(49.798161,18.355205,'2023-06-27T10:17:01Z',2),
(49.798324,18.354932,'2023-06-27T10:17:03Z',2),
(49.798492,18.354643,'2023-06-27T10:17:05Z',2),
(49.798679,18.354344,'2023-06-27T10:17:07Z',2),
(49.798861,18.354045,'2023-06-27T10:17:09Z',2),
(49.799028,18.353773,'2023-06-27T10:17:11Z',2),
(49.799207,18.353497,'2023-06-27T10:17:13Z',2),
(49.799380,18.353200,'2023-06-27T10:17:15Z',2),
(49.799560,18.352897,'2023-06-27T10:17:17Z',2),
(49.799749,18.352586,'2023-06-27T10:17:19Z',2),
(49.799930,18.352282,'2023-06-27T10:17:21Z',2),
(49.800113,18.352012,'2023-06-27T10:17:23Z',2),
(49.800283,18.351737,'2023-06-27T10:17:25Z',2),
(49.800451,18.351466,'2023-06-27T10:17:27Z',2),
(49.800622,18.351197,'2023-06-27T10:17:29Z',2),
(49.800789,18.350922,'2023-06-27T10:17:31Z',2),
(49.800966,18.350633,'2023-06-27T10:17:33Z',2),
(49.801151,18.350333,'2023-06-27T10:17:35Z',2),
(49.801335,18.350008,'2023-06-27T10:17:37Z',2),
(49.801537,18.349679,'2023-06-27T10:17:39Z',2),
(49.801740,18.349350,'2023-06-27T10:17:41Z',2),
(49.801938,18.349015,'2023-06-27T10:17:43Z',2),
(49.802138,18.348689,'2023-06-27T10:17:45Z',2),
(49.802339,18.348415,'2023-06-27T10:17:47Z',2),
(49.802526,18.348148,'2023-06-27T10:17:49Z',2),
(49.802695,18.347859,'2023-06-27T10:17:51Z',2),
(49.802853,18.347581,'2023-06-27T10:17:53Z',2),
(49.802997,18.347358,'2023-06-27T10:17:55Z',2),
(49.803173,18.347161,'2023-06-27T10:17:58Z',2),
(49.803309,18.346963,'2023-06-27T10:18:13Z',2),
(49.803444,18.346759,'2023-06-27T10:18:53Z',2),
(49.803573,18.346554,'2023-06-27T10:19:09Z',2),
(49.803661,18.346420,'2023-06-27T10:19:20Z',2),
(49.803730,18.346331,'2023-06-27T10:19:28Z',2),
(49.803814,18.346406,'2023-06-27T10:19:37Z',2),
(49.803879,18.346509,'2023-06-27T10:19:44Z',2),
(49.803962,18.346591,'2023-06-27T10:19:52Z',2),
(49.804040,18.346676,'2023-06-27T10:20:01Z',2),
(49.804108,18.346771,'2023-06-27T10:20:08Z',2),
(49.804165,18.346882,'2023-06-27T10:20:17Z',2),
(49.804223,18.346999,'2023-06-27T10:20:26Z',2),
(49.804283,18.347120,'2023-06-27T10:20:34Z',2),
(49.804351,18.347218,'2023-06-27T10:20:43Z',2),
(49.804405,18.347341,'2023-06-27T10:20:52Z',2),
(49.804458,18.347459,'2023-06-27T10:21:04Z',2),
(49.804520,18.347565,'2023-06-27T10:21:12Z',2);
